29122590	011002300611
45846583	034002100111
45846582	034002100111
45678893	3300231130
48865973	233120000000
07252675	239520000000
87116329	050002200211
48630368	233120000000
48630420	233120000000
48484348	233120000000
48478159	233120000000
02695868	061002200104
48090282	233120000000
47888061	233120000000
47881546	233120000000
47881807	233120000000
47801038	233120000000
47800853	233120000000
06794205	239520000000
47670134	233120000000
47664811	233120000000
47599549	233120000000
47581065	233120000000
47508668	233120000000
47489418	233120000000
47364898	233120000000
47332440	233120000000
47259440	233120000000
86660274	012002100811
86660273	012002100811
46975845	233120000000
46967264	233120000000
46955764	233120000000
46945913	233120000000
46935538	233120000000
08689005	1200231130
08689004	1200231130
46716742	233120000000
46478712	233120000000
08689003	1200231130
08689002	1200231130
08688994	1200231130
08688993	1200231130
08688992	1200231130
08688990	1200231130
08021356	1200231130
08021355	1200231130
08021354	1200231130
08021353	1200231130
08021352	1200231130
08021351	1200231130
08021350	1200231130
08021349	1200231130
08021347	1200231130
08021346	1200231130
08021345	1200231130
08021343	1200231130
08021342	1200231130
08021341	1200231130
08021340	1200231130
08021339	1200231130
08021336	1200231130
08021335	1200231130
08021333	1200231130
08021330	1200231130
08021329	1200231130
08021328	1200231130
08021321	1200231130
08021320	1200231130
08021318	1200231130
08021317	1200231130
08021313	1200231130
08021311	1200231130
08021310	1200231130
08021306	1200231130
08021304	1200231130
46330106	233120000000
46327966	233120000000
08021141	1200231130
46228653	233120000000
46145886	233120000000
46014870	233120000000
08021108	1200231130
08021107	1200231130
08021106	1200231130
08021105	1200231130
08021104	1200231130
08021103	1200231130
08021102	1200231130
08021101	1200231130
08021100	1200231130
08021099	1200231130
08021098	1200231130
08021097	1200231130
08021096	1200231130
08021095	1200231130
08021094	1200231130
08021093	1200231130
08021092	1200231130
08021091	1200231130
08021090	1200231130
08021089	1200231130
08021088	1200231130
08021087	1200231130
45982625	233120000000
45795113	233120000000
45681394	233120000000
45584791	233120000000
01807192	232120000000
45247127	233120000000
45240316	233120000000
45237958	233120000000
45236894	233120000000
45233612	233120000000
45231873	233120000000
45231135	233120000000
45137446	233120000000
45132650	233120000000
45042017	233120000000
44985007	233120000000
44772973	233120000000
08020845	1200231130
08020844	1200231130
08020843	1200231130
08020684	1200231130
91198072	050002200211
08020683	1200231130
08020682	1200231130
08020680	1200231130
08020676	1200231130
08020674	1200231130
44503937	233120000000
08020440	1200231130
08020438	1200231130
08020436	1200231130
08020432	1200231130
08020431	1200231130
08020429	1200231130
08020428	1200231130
08020424	1200231130
08020422	1200231130
44460157	233120000000
08020421	1200231130
08020420	1200231130
08020419	1200231130
08020411	1200231130
08020410	1200231130
08020408	1200231130
08020407	1200231130
08020405	1200231130
08020402	1200231130
08020388	1200231130
08020381	1200231130
08020380	1200231130
12811972	1100231130
08020378	1200231130
08020377	1200231130
08020376	1200231130
08020374	1200231130
08020373	1200231130
08020372	1200231130
08020371	1200231130
08020370	1200231130
08020357	1200231130
08020356	1200231130
08020355	1200231130
08020354	1200231130
08020353	1200231130
08020352	1200231130
08020347	1200231130
08020340	1200231130
08020333	1200231130
08020330	1200231130
08020329	1200231130
08020328	1200231130
08020327	1200231130
08020326	1200231130
08020325	1200231130
08020324	1200231130
08020323	1200231130
08020322	1200231130
08020321	1200231130
08020319	1200231130
08020318	1200231130
08020317	1200231130
08020316	1200231130
08020315	1200231130
08020314	1200231130
08020312	1200231130
08020311	1200231130
08020310	1200231130
08020309	1200231130
08020304	1200231130
08020303	1200231130
08020302	1200231130
08020301	1200231130
08020300	1200231130
08020299	1200231130
08020298	1200231130
08020297	1200231130
08020296	1200231130
08020295	1200231130
08020294	1200231130
08020293	1200231130
08020224	1200231130
08020221	1200231130
08020220	1200231130
08020219	1200231130
08020218	1200231130
08020217	1200231130
08020216	1200231130
08020215	1200231130
08020214	1200231130
08020213	1200231130
08020212	1200231130
08020206	1200231130
08020205	1200231130
08020201	1200231130
08020200	1200231130
08020199	1200231130
08020197	1200231130
08020196	1200231130
08020195	1200231130
08020192	1200231130
08020190	1200231130
86660008	012002100811
86660007	012002100811
86660006	012002100811
86660005	012002100811
86660004	012002100811
86660003	012002100811
86660001	012002100811
43991091	233120000000
43991172	233120000000
43990222	233120000000
43815983	233120000000
43817019	233120000000
49286798	050002200211
43803616	233120000000
43789751	233120000000
43790020	233120000000
43789462	233120000000
43786591	233120000000
43783172	233120000000
43652227	233120000000
43636705	233120000000
43628227	233120000000
43618172	233120000000
43617367	233120000000
43597248	233120000000
43571515	233120000000
43520896	233120000000
43466359	233120000000
43429841	233120000000
43375188	233120000000
43295308	233120000000
43271100	233120000000
43270632	233120000000
08020139	1200231130
08020138	1200231130
08020136	1200231130
08020133	1200231130
08020132	1200231130
08020131	1200231130
08020130	1200231130
08020129	1200231130
08020126	1200231130
08020125	1200231130
08020118	1200231130
08020115	1200231130
08020114	1200231130
05442629	033022100213
55709149	032002300211
64724407	032002200511
55709148	032002300211
55709147	032002300211
64724406	032002200511
34588815	032002000113
86659976	012002100811
86659975	012002100811
86659974	012002100811
86659973	012002100811
86659972	012002100811
86659971	012002100811
86659970	012002100811
86659969	012002100811
65571060	3200222130
24958350	3200224130
55497946	031002200611
86659946	012002100811
86659945	012002100811
86659944	012002100811
24668435	041002300111
42651552	233120000000
24668434	041002300111
42588887	233120000000
42588435	233120000000
08020046	1200231130
08020045	1200231130
08020044	1200231130
08020043	1200231130
08020041	1200231130
08020036	1200231130
08020033	1200231130
08020032	1200231130
30498948	3200223130
01939503	4300231130
08019802	1200231130
08019801	1200231130
08019800	1200231130
06497163	032002200204
64724405	032002200511
01939502	4300231130
08019793	1200231130
08019790	1200231130
08019788	1200231130
08019786	1200231130
08019785	1200231130
08019784	1200231130
08019783	1200231130
08019782	1200231130
08019781	1200231130
08019778	1200231130
08019777	1200231130
08019776	1200231130
08019773	1200231130
08019772	1200231130
08019771	1200231130
08019767	1200231130
08019766	1200231130
08019765	1200231130
08019764	1200231130
08019763	1200231130
08019762	1200231130
08019723	1200231130
08019722	1200231130
42215498	233120000000
55709146	032002300211
24668433	041002300111
89377724	032002200711
08019719	1200231130
08019718	1200231130
08019717	1200231130
08019716	1200231130
08019715	1200231130
08019714	1200231130
08019713	1200231130
08019620	1200231130
08019313	1200231130
08019312	1200231130
08019310	1200231130
08019308	1200231130
08019307	1200231130
08019306	1200231130
08019305	1200231130
08019304	1200231130
08019076	1200231130
08019075	1200231130
08019074	1200231130
08019073	1200231130
08019072	1200231130
08019071	1200231130
08019070	1200231130
08019068	1200231130
08019067	1200231130
08019066	1200231130
08019065	1200231130
08019064	1200231130
08019063	1200231130
08019062	1200231130
08019061	1200231130
08019060	1200231130
08019059	1200231130
08019057	1200231130
08019055	1200231130
08019054	1200231130
08019053	1200231130
08019051	1200231130
08019050	1200231130
08019049	1200231130
08019048	1200231130
08019045	1200231130
08019044	1200231130
08019043	1200231130
08019042	1200231130
08019041	1200231130
08019040	1200231130
08019038	1200231130
08019037	1200231130
08019036	1200231130
08019035	1200231130
08019034	1200231130
08019033	1200231130
08019032	1200231130
08019031	1200231130
08019030	1200231130
08019029	1200231130
08019028	1200231130
08019027	1200231130
08019026	1200231130
08019024	1200231130
08019023	1200231130
08019021	1200231130
08019019	1200231130
08019018	1200231130
08019015	1200231130
08019014	1200231130
08019013	1200231130
08019011	1200231130
08019010	1200231130
08019008	1200231130
08019007	1200231130
08019006	1200231130
08019004	1200231130
08019003	1200231130
08019002	1200231130
08019001	1200231130
08018999	1200231130
08018998	1200231130
08018995	1200231130
08018992	1200231130
08018991	1200231130
08018990	1200231130
08018989	1200231130
08018988	1200231130
08018986	1200231130
08018985	1200231130
08018984	1200231130
08018983	1200231130
08018982	1200231130
08018981	1200231130
08018978	1200231130
08018977	1200231130
08018976	1200231130
08018975	1200231130
08018974	1200231130
08018973	1200231130
08018971	1200231130
08018970	1200231130
08018969	1200231130
08018968	1200231130
08018966	1200231130
08018965	1200231130
08018964	1200231130
08018963	1200231130
08018961	1200231130
08018959	1200231130
08018958	1200231130
08018956	1200231130
08018942	1200231130
08018941	1200231130
08018940	1200231130
08018939	1200231130
08018937	1200231130
08018931	1200231130
08018930	1200231130
08018929	1200231130
08018928	1200231130
08018927	1200231130
08018926	1200231130
08018925	1200231130
08018924	1200231130
08018908	1200231130
08018905	1200231130
08018825	1200231130
08018824	1200231130
08018823	1200231130
08018822	1200231130
08018715	1200231130
86659932	012002100811
86659930	012002100811
86659929	012002100811
86659928	012002100811
86659926	012002100811
86659922	012002100811
86659921	012002100811
86659920	012002100811
86659918	012002100811
86659902	012002100811
86659901	012002100811
86659900	012002100811
86659899	012002100811
86659898	012002100811
86659897	012002100811
86659896	012002100811
86659895	012002100811
86659894	012002100811
86659893	012002100811
86659892	012002100811
86659891	012002100811
86659889	012002100811
86659885	012002100811
86659884	012002100811
86659879	012002100811
86659877	012002100811
86659876	012002100811
86659874	012002100811
86659873	012002100811
86659866	012002100811
86659865	012002100811
86659864	012002100811
86659863	012002100811
86659861	012002100811
86659860	012002100811
86659859	012002100811
86659857	012002100811
86659856	012002100811
86659855	012002100811
86659854	012002100811
86659853	012002100811
86659852	012002100811
86659851	012002100811
86659849	012002100811
86659844	012002100811
86659841	012002100811
86659840	012002100811
07652944	1200231130
86659833	012002100811
86659832	012002100811
86659831	012002100811
07652942	1200231130
86659827	012002100811
07652940	1200231130
07652939	1200231130
07652938	1200231130
07652936	1200231130
07652935	1200231130
07652934	1200231130
07652933	1200231130
07652932	1200231130
07652930	1200231130
07652928	1200231130
07652927	1200231130
07652925	1200231130
07652863	1200231130
07652595	1200231130
07652382	1200231130
07652364	1200231130
07652363	1200231130
07652362	1200231130
07652361	1200231130
07652360	1200231130
07652359	1200231130
07652347	1200231130
07652344	1200231130
07652343	1200231130
07652342	1200231130
07652341	1200231130
07652340	1200231130
07652339	1200231130
07652338	1200231130
07652337	1200231130
07652336	1200231130
07652335	1200231130
07652326	1200231130
07652325	1200231130
07652324	1200231130
07652323	1200231130
07652322	1200231130
07652313	1200231130
07652310	1200231130
07652309	1200231130
07652308	1200231130
07652307	1200231130
07652306	1200231130
07652305	1200231130
07652304	1200231130
07652303	1200231130
07652302	1200231130
07652301	1200231130
07652299	1200231130
07652298	1200231130
07652297	1200231130
07652296	1200231130
07652295	1200231130
07652294	1200231130
07652293	1200231130
07652292	1200231130
07652291	1200231130
07652290	1200231130
07652289	1200231130
07652288	1200231130
07652287	1200231130
07652286	1200231130
07652285	1200231130
07652284	1200231130
07652283	1200231130
07652282	1200231130
07652280	1200231130
07652279	1200231130
07652276	1200231130
07652274	1200231130
07652271	1200231130
07652270	1200231130
07652268	1200231130
07652263	1200231130
07652259	1200231130
07652256	1200231130
07652253	1200231130
07652252	1200231130
07652250	1200231130
07652249	1200231130
07652248	1200231130
07652247	1200231130
07652246	1200231130
07652245	1200231130
07652244	1200231130
07652240	1200231130
07652231	1200231130
07652227	1200231130
07652217	1200231130
07652216	1200231130
07652215	1200231130
07652213	1200231130
07652212	1200231130
07652210	1200231130
07652206	1200231130
07652187	1200231130
07652186	1200231130
07652185	1200231130
07652184	1200231130
07652183	1200231130
07652182	1200231130
07652181	1200231130
07652180	1200231130
07652178	1200231130
07652173	1200231130
07652172	1200231130
07652170	1200231130
07652169	1200231130
07652146	1200231130
07652145	1200231130
07652144	1200231130
07652137	1200231130
07652136	1200231130
07652135	1200231130
07652134	1200231130
07652133	1200231130
07652132	1200231130
07652131	1200231130
07652129	1200231130
07652125	1200231130
07652124	1200231130
07652115	1200231130
07652114	1200231130
07652113	1200231130
07652112	1200231130
07652109	1200231130
07652107	1200231130
07652102	1200231130
07652101	1200231130
07652100	1200231130
07652099	1200231130
07652097	1200231130
07652095	1200231130
07652093	1200231130
07652091	1200231130
07652089	1200231130
07652088	1200231130
07652087	1200231130
07652086	1200231130
07652085	1200231130
07652084	1200231130
07652074	1200231130
07652070	1200231130
07652050	1200231130
07652035	1200231130
07652034	1200231130
07652032	1200231130
07652031	1200231130
07652027	1200231130
07652026	1200231130
07652024	1200231130
07652023	1200231130
07652022	1200231130
07652001	1200231130
07651994	1200231130
07651993	1200231130
07651987	1200231130
07651986	1200231130
07651985	1200231130
07651984	1200231130
07651983	1200231130
07651982	1200231130
07651981	1200231130
07651980	1200231130
07651979	1200231130
07651978	1200231130
07651977	1200231130
07651976	1200231130
07651975	1200231130
07651974	1200231130
07651973	1200231130
07651971	1200231130
07651970	1200231130
07651968	1200231130
07651967	1200231130
07651966	1200231130
07651962	1200231130
07651959	1200231130
07651958	1200231130
07651957	1200231130
07651956	1200231130
07651955	1200231130
07651954	1200231130
07651953	1200231130
07651950	1200231130
07651946	1200231130
07651945	1200231130
07651944	1200231130
07651943	1200231130
07651942	1200231130
07651940	1200231130
07651934	1200231130
07651933	1200231130
07651932	1200231130
86659819	012002100811
07651930	1200231130
07651927	1200231130
07651926	1200231130
07651924	1200231130
07651923	1200231130
07651922	1200231130
07651921	1200231130
07651920	1200231130
07651919	1200231130
07651918	1200231130
07651917	1200231130
07651916	1200231130
86659818	012002100811
07651913	1200231130
07651681	1200231130
07651680	1200231130
07651679	1200231130
07651678	1200231130
07651381	1200231130
07651380	1200231130
07651379	1200231130
07651377	1200231130
07651375	1200231130
07651374	1200231130
07651373	1200231130
07651372	1200231130
07651371	1200231130
07651370	1200231130
07651369	1200231130
07651368	1200231130
07651367	1200231130
07651366	1200231130
07651365	1200231130
07651364	1200231130
07651363	1200231130
07651362	1200231130
07651361	1200231130
07651360	1200231130
07651359	1200231130
07651358	1200231130
07651357	1200231130
07651356	1200231130
07651355	1200231130
07651354	1200231130
07651353	1200231130
07651352	1200231130
07651351	1200231130
07651350	1200231130
07651347	1200231130
07651346	1200231130
07651344	1200231130
07651342	1200231130
07651341	1200231130
07651340	1200231130
07651339	1200231130
07651338	1200231130
07651337	1200231130
07651336	1200231130
07651335	1200231130
00239657	021002100113
09395963	1200224130
09395962	1200224130
09395961	1200224130
09395960	1200224130
09395959	1200224130
09395958	1200224130
09395955	1200224130
09395954	1200224130
09395952	1200224130
09395951	1200224130
09395950	1200224130
09395949	1200224130
09395947	1200224130
09395946	1200224130
09395945	1200224130
09395944	1200224130
09395943	1200224130
09395937	1200224130
09395936	1200224130
09395935	1200224130
09395934	1200224130
09395932	1200224130
09395931	1200224130
09395930	1200224130
09395929	1200224130
09395926	1200224130
09395925	1200224130
09395924	1200224130
09395923	1200224130
09395922	1200224130
09395921	1200224130
09395920	1200224130
09395919	1200224130
09395918	1200224130
09395917	1200224130
09395916	1200224130
09395915	1200224130
09395898	1200224130
09395897	1200224130
09395896	1200224130
09395895	1200224130
09395894	1200224130
09395893	1200224130
09395892	1200224130
09395891	1200224130
09395890	1200224130
09395886	1200224130
09395885	1200224130
09395883	1200224130
09395881	1200224130
09395880	1200224130
09395875	1200224130
09395874	1200224130
09395872	1200224130
09395869	1200224130
09395863	1200224130
09395862	1200224130
09395861	1200224130
09395860	1200224130
09395859	1200224130
09395854	1200224130
09395853	1200224130
09395850	1200224130
09395849	1200224130
09395848	1200224130
09395847	1200224130
09395846	1200224130
09395844	1200224130
09395843	1200224130
09395842	1200224130
09395841	1200224130
09395840	1200224130
09395836	1200224130
09395835	1200224130
09395834	1200224130
09395830	1200224130
09395828	1200224130
09395827	1200224130
09395826	1200224130
09395825	1200224130
09395824	1200224130
09395823	1200224130
09395822	1200224130
09395820	1200224130
09395818	1200224130
09395816	1200224130
09395814	1200224130
09395813	1200224130
09395811	1200224130
09395808	1200224130
09395807	1200224130
09395803	1200224130
09395799	1200224130
09395791	1200224130
09395478	1200224130
86659807	012002100811
86659806	012002100811
86659805	012002100811
86659801	012002100811
86659799	012002100811
86659798	012002100811
86659797	012002100811
86659793	012002100811
09395129	1200224130
09395128	1200224130
32233835	045002200104
51819368	233120000000
51807067	233120000000
51807224	233120000000
51790500	233120000000
51786100	233120000000
51764316	233120000000
51750821	233120000000
51750682	233120000000
51646428	233120000000
51631480	233120000000
51618374	233120000000
51607865	233120000000
51506768	233120000000
51313591	233120000000
51311813	233120000000
51311141	233120000000
51062146	233120000000
50854698	233120000000
50854682	233120000000
50854668	233120000000
50854646	233120000000
10324453	239420000000
36931627	011002300911
13829832	011002300911
13839782	011002300911
12460710	1100224130
08408515	1200231130
64920227	032002200511
64920226	032002200511
64920225	032002200511
92822306	032002100211
50784208	233120000000
41784191	032002000411
36931626	011002300911
07886412	239520000000
32560267	046002200111
70021543	235120000000
42524994	3200231130
11768084	1200223130
32473089	032002000113
07884341	239520000000
32560266	046002200111
39434175	011002300911
91198074	050002200211
43663372	3200231130
09455218	036002300111
50757351	233120000000
53454261	011002300611
50754653	233120000000
50754088	233120000000
51262030	234420000001
07873060	239520000000
55709197	032002300211
67502359	032002200611
07871296	239520000000
07871173	239520000000
04408927	032002000113
64920224	032002200511
69990281	235120000000
69989599	235120000000
69989435	235120000000
07859027	239520000000
69986525	235120000000
06826674	011002100204
07865115	239520000000
13848592	011002300911
50728309	233120000000
69981212	235120000000
12812192	1100231130
12812191	1100231130
26447491	011001800304
26447490	011001800304
26447489	011001800304
26447488	011001800304
26447487	011001800304
26447486	011001800304
26447485	011001800304
26447484	011001800304
26447483	011001800304
26447482	011001800304
26447481	011001800304
26447480	011001800304
26447479	011001800304
26447478	011001800304
26447477	011001800304
26447476	011001800304
26447475	011001800304
26447474	011001800304
26447473	011001800304
41484767	052002200111
32560265	046002200111
69974902	235120000000
04408926	032002000113
49703354	033002000113
08574030	234120000000
78099933	037022000311
35654659	037002200311
35654658	037002200311
07253238	021002200404
69960891	235120000000
50702847	233120000000
07837370	239520000000
50216261	037002200311
50699029	233120000000
69957374	235120000000
50696413	233120000000
50695047	233120000000
50692904	233120000000
69952643	235120000000
35654657	037002200311
25958600	052002100211
25958599	052002100211
89257017	032002200611
69530791	011002100104
53346775	037002200311
51064579	234420000001
50664956	233120000000
50664795	233120000000
39214526	034002200204
42524993	3200231130
70385807	013002300111
70385806	013002300111
70385805	013002300111
50660013	233120000000
13221395	012002300211
10874848	1300224130
02280522	232120000000
55709196	032002300211
01917281	032002200805
69906358	235120000000
69904451	235120000000
13328345	235320000000
13341012	235320000000
13341007	235320000000
50618066	233120000000
02278642	232120000000
13308253	235320000000
13317898	235320000000
13327758	235320000000
13340406	235320000000
57174069	033002000113
32473088	032002000113
18672114	037022200111
08544577	234120000000
08554705	234120000000
43663371	3200231130
10071052	061002201411
32560264	046002200111
24668441	041002300111
08553358	234120000000
08543159	234120000000
04961071	1100224130
50570098	233120000000
04961070	1100224130
69530790	011002100104
50529545	233120000000
50529501	233120000000
50468465	233120000000
50326500	233120000000
45836445	011002300911
45836444	011002300911
45836443	011002300911
45836442	011002300911
45836441	011002300911
45836440	011002300911
45836439	011002300911
45836438	011002300911
45836437	011002300911
45836436	011002300911
45836435	011002300911
45836434	011002300911
45836433	011002300911
45836432	011002300911
45836431	011002300911
45836430	011002300911
45836429	011002300911
45836428	011002300911
45836427	011002300911
45836426	011002300911
45836425	011002300911
45836424	011002300911
45836423	011002300911
45836422	011002300911
45836421	011002300911
45836420	011002300911
45836419	011002300911
45836418	011002300911
45836417	011002300911
45836416	011002300911
45836415	011002300911
45836414	011002300911
45836413	011002300911
45836412	011002300911
45836411	011002300911
45836410	011002300911
45836409	011002300911
45836408	011002300911
45836407	011002300911
45836406	011002300911
45836405	011002300911
45836404	011002300911
45836403	011002300911
45836402	011002300911
45836401	011002300911
45836400	011002300911
45836399	011002300911
45836398	011002300911
45836397	011002300911
45836396	011002300911
45836395	011002300911
45836394	011002300911
45836393	011002300911
45836392	011002300911
45836391	011002300911
45836390	011002300911
45836389	011002300911
45836388	011002300911
45836387	011002300911
45836386	011002300911
45836385	011002300911
45836384	011002300911
45836383	011002300911
45836382	011002300911
45836381	011002300911
45836380	011002300911
45836379	011002300911
45836378	011002300911
45836377	011002300911
45836376	011002300911
45836375	011002300911
45836374	011002300911
45836373	011002300911
45836372	011002300911
45836371	011002300911
45836370	011002300911
45836369	011002300911
45836368	011002300911
45836367	011002300911
45836366	011002300911
45836365	011002300911
45836364	011002300911
45836363	011002300911
45836362	011002300911
45836361	011002300911
45836360	011002300911
45836359	011002300911
45836358	011002300911
45836357	011002300911
45836356	011002300911
45836355	011002300911
45836354	011002300911
45836353	011002300911
45836352	011002300911
45836351	011002300911
45836350	011002300911
45836349	011002300911
45836348	011002300911
45836347	011002300911
45836346	011002300911
45836345	011002300911
45836344	011002300911
45836343	011002300911
45836342	011002300911
45836341	011002300911
45836340	011002300911
45836339	011002300911
45836338	011002300911
45836337	011002300911
45836336	011002300911
45836335	011002300911
45836334	011002300911
45836333	011002300911
45836332	011002300911
45836331	011002300911
45836330	011002300911
45836329	011002300911
45836328	011002300911
45836327	011002300911
45836326	011002300911
45836325	011002300911
45836324	011002300911
45836323	011002300911
45836322	011002300911
45836321	011002300911
45836320	011002300911
45836319	011002300911
45836318	011002300911
45836317	011002300911
45836316	011002300911
45836315	011002300911
45836314	011002300911
45836313	011002300911
45836312	011002300911
45836311	011002300911
45836310	011002300911
45836309	011002300911
45836308	011002300911
45836307	011002300911
45836306	011002300911
45836305	011002300911
45836304	011002300911
45836303	011002300911
45836302	011002300911
45836301	011002300911
45836300	011002300911
45836299	011002300911
45836298	011002300911
45836297	011002300911
45836296	011002300911
45836295	011002300911
45836294	011002300911
45836293	011002300911
45836292	011002300911
45836291	011002300911
45836290	011002300911
45836289	011002300911
45836288	011002300911
45836287	011002300911
45836286	011002300911
45836285	011002300911
45836284	011002300911
45836283	011002300911
45836282	011002300911
45836281	011002300911
45836280	011002300911
45836279	011002300911
45836278	011002300911
45836277	011002300911
45836276	011002300911
45836275	011002300911
45836274	011002300911
45836273	011002300911
45836272	011002300911
45836271	011002300911
45836270	011002300911
45836269	011002300911
45836268	011002300911
45836267	011002300911
45836266	011002300911
45836265	011002300911
45836264	011002300911
45836263	011002300911
45836262	011002300911
45836261	011002300911
45836260	011002300911
45836259	011002300911
45836258	011002300911
45836257	011002300911
45836256	011002300911
45836255	011002300911
45836254	011002300911
45836253	011002300911
45836252	011002300911
45836251	011002300911
45836250	011002300911
45836249	011002300911
45836248	011002300911
45836247	011002300911
45836246	011002300911
45836245	011002300911
45836244	011002300911
45836243	011002300911
45836242	011002300911
45836241	011002300911
45836240	011002300911
45836239	011002300911
45836238	011002300911
45836237	011002300911
45836236	011002300911
45836235	011002300911
45836234	011002300911
45836233	011002300911
45836232	011002300911
45836231	011002300911
45836230	011002300911
45836229	011002300911
45836228	011002300911
45836227	011002300911
45836226	011002300911
45836225	011002300911
45836224	011002300911
45836223	011002300911
45836222	011002300911
45836221	011002300911
45836220	011002300911
45836219	011002300911
45836218	011002300911
45836217	011002300911
45836216	011002300911
45836215	011002300911
45836214	011002300911
45836213	011002300911
45836212	011002300911
45836211	011002300911
45836210	011002300911
45836209	011002300911
45836208	011002300911
45836207	011002300911
45836206	011002300911
45836205	011002300911
45836204	011002300911
45836203	011002300911
45836202	011002300911
45836201	011002300911
45836200	011002300911
45836199	011002300911
45836198	011002300911
45836197	011002300911
45836196	011002300911
45836195	011002300911
45836194	011002300911
45836193	011002300911
45836192	011002300911
45836191	011002300911
45836190	011002300911
45836189	011002300911
45836188	011002300911
45836187	011002300911
45836186	011002300911
45836185	011002300911
45836184	011002300911
45836183	011002300911
45836182	011002300911
45836181	011002300911
45836180	011002300911
45836179	011002300911
45836178	011002300911
45836177	011002300911
45836176	011002300911
45836175	011002300911
45836174	011002300911
45836173	011002300911
45836172	011002300911
45836171	011002300911
45836170	011002300911
45836169	011002300911
45836168	011002300911
45836167	011002300911
45836166	011002300911
45836165	011002300911
45836164	011002300911
45836163	011002300911
45836162	011002300911
45836161	011002300911
45836160	011002300911
45836159	011002300911
45836158	011002300911
45836157	011002300911
45836156	011002300911
45836155	011002300911
45836154	011002300911
45836153	011002300911
45836152	011002300911
45836151	011002300911
45836150	011002300911
45836149	011002300911
45836148	011002300911
45836147	011002300911
45836146	011002300911
45836145	011002300911
45836144	011002300911
45836143	011002300911
45836142	011002300911
45836141	011002300911
45836140	011002300911
45836139	011002300911
45836138	011002300911
45836137	011002300911
45836136	011002300911
45836135	011002300911
45836134	011002300911
45836133	011002300911
45836132	011002300911
45836131	011002300911
45836130	011002300911
45836129	011002300911
45836128	011002300911
45836127	011002300911
45836126	011002300911
45836125	011002300911
45836124	011002300911
45836123	011002300911
45836122	011002300911
45836121	011002300911
45836120	011002300911
45836119	011002300911
45836118	011002300911
45836117	011002300911
45836116	011002300911
45836115	011002300911
45836114	011002300911
45836113	011002300911
45836112	011002300911
45836111	011002300911
45836110	011002300911
45836109	011002300911
45836108	011002300911
45836107	011002300911
45836106	011002300911
45836105	011002300911
45836104	011002300911
45836103	011002300911
45836102	011002300911
45836101	011002300911
45836100	011002300911
45836099	011002300911
45836098	011002300911
45836097	011002300911
45836096	011002300911
45836095	011002300911
45836094	011002300911
45836093	011002300911
45836092	011002300911
45836091	011002300911
45836090	011002300911
45836089	011002300911
45836088	011002300911
45836087	011002300911
45836086	011002300911
45836085	011002300911
45836084	011002300911
45836083	011002300911
45836082	011002300911
45836081	011002300911
45836080	011002300911
45836079	011002300911
45836078	011002300911
45836077	011002300911
45836076	011002300911
45836075	011002300911
45836074	011002300911
45836073	011002300911
45836072	011002300911
45836071	011002300911
45836070	011002300911
45836069	011002300911
45836068	011002300911
45836067	011002300911
45836066	011002300911
45836065	011002300911
45836064	011002300911
45836063	011002300911
45836062	011002300911
45836061	011002300911
45836060	011002300911
45836059	011002300911
45836058	011002300911
45836057	011002300911
45836056	011002300911
45836055	011002300911
45836054	011002300911
45836053	011002300911
45836052	011002300911
45836051	011002300911
45836050	011002300911
45836049	011002300911
45836048	011002300911
45836047	011002300911
45836046	011002300911
45836045	011002300911
45836044	011002300911
45836043	011002300911
45836042	011002300911
45836041	011002300911
45836040	011002300911
45836039	011002300911
45836038	011002300911
45836037	011002300911
45836036	011002300911
45836035	011002300911
45836034	011002300911
45836033	011002300911
45836032	011002300911
45836031	011002300911
45836030	011002300911
45836029	011002300911
45836028	011002300911
45836027	011002300911
45836026	011002300911
45836025	011002300911
45836024	011002300911
45836023	011002300911
45836022	011002300911
45836021	011002300911
45836020	011002300911
45836019	011002300911
45836018	011002300911
45836017	011002300911
45836016	011002300911
45836015	011002300911
45836014	011002300911
45836013	011002300911
45836012	011002300911
45836011	011002300911
45836010	011002300911
45836009	011002300911
45836008	011002300911
45836007	011002300911
45836006	011002300911
45836005	011002300911
45836004	011002300911
45836003	011002300911
45836002	011002300911
45836001	011002300911
45836000	011002300911
45835999	011002300911
45835998	011002300911
45835997	011002300911
45835996	011002300911
45835995	011002300911
45835994	011002300911
45835993	011002300911
45835992	011002300911
45835991	011002300911
45835990	011002300911
45835989	011002300911
45835988	011002300911
45835987	011002300911
45835986	011002300911
45835985	011002300911
45835984	011002300911
45835983	011002300911
45835982	011002300911
45835981	011002300911
45835980	011002300911
45835979	011002300911
45835978	011002300911
45835977	011002300911
45835976	011002300911
45835975	011002300911
45835974	011002300911
45835973	011002300911
45835972	011002300911
45835971	011002300911
45835970	011002300911
45835969	011002300911
45835968	011002300911
45835967	011002300911
45835966	011002300911
45835965	011002300911
45835964	011002300911
45835963	011002300911
45835962	011002300911
45835961	011002300911
45835960	011002300911
45835959	011002300911
45835958	011002300911
45835957	011002300911
45835956	011002300911
45835955	011002300911
45835954	011002300911
45835953	011002300911
45835952	011002300911
45835951	011002300911
45835950	011002300911
45835949	011002300911
45835948	011002300911
45835947	011002300911
45835946	011002300911
45835945	011002300911
45835944	011002300911
45835943	011002300911
45835942	011002300911
45835941	011002300911
45835940	011002300911
45835939	011002300911
45835938	011002300911
45835937	011002300911
45835936	011002300911
45835935	011002300911
45835934	011002300911
45835933	011002300911
45835932	011002300911
45835931	011002300911
45835930	011002300911
45835929	011002300911
45835928	011002300911
45835927	011002300911
45835926	011002300911
45835925	011002300911
45835924	011002300911
45835923	011002300911
45835922	011002300911
45835921	011002300911
45835920	011002300911
45835919	011002300911
45835918	011002300911
45835917	011002300911
45835916	011002300911
45835915	011002300911
45835914	011002300911
45835913	011002300911
45835912	011002300911
45835911	011002300911
45835910	011002300911
45835909	011002300911
45835908	011002300911
45835907	011002300911
45835906	011002300911
45835905	011002300911
45835904	011002300911
45835903	011002300911
45835902	011002300911
45835901	011002300911
45835900	011002300911
45835899	011002300911
45835898	011002300911
45835897	011002300911
45835896	011002300911
45835895	011002300911
45835894	011002300911
45835893	011002300911
45835892	011002300911
45835891	011002300911
45835890	011002300911
45835889	011002300911
45835888	011002300911
45835887	011002300911
45835886	011002300911
45835885	011002300911
45835884	011002300911
45835883	011002300911
45835882	011002300911
45835881	011002300911
45835880	011002300911
45835879	011002300911
45835878	011002300911
45835877	011002300911
45835876	011002300911
45835875	011002300911
45835874	011002300911
45835873	011002300911
45835872	011002300911
45835871	011002300911
45835870	011002300911
45835869	011002300911
45835868	011002300911
45835867	011002300911
45835866	011002300911
45835865	011002300911
45835864	011002300911
45835863	011002300911
45835862	011002300911
45835861	011002300911
45835860	011002300911
45835859	011002300911
45835858	011002300911
45835857	011002300911
45835856	011002300911
45835855	011002300911
45835854	011002300911
45835853	011002300911
45835852	011002300911
45835851	011002300911
45835850	011002300911
45835849	011002300911
45835848	011002300911
45835847	011002300911
45835846	011002300911
45835845	011002300911
45835844	011002300911
45835843	011002300911
45835842	011002300911
45835841	011002300911
45835840	011002300911
45835839	011002300911
45835838	011002300911
45835837	011002300911
45835836	011002300911
45835835	011002300911
45835834	011002300911
45835833	011002300911
45835832	011002300911
45835831	011002300911
45835830	011002300911
45835829	011002300911
45835828	011002300911
45835827	011002300911
45835826	011002300911
45835825	011002300911
45835824	011002300911
45835823	011002300911
45835822	011002300911
45835821	011002300911
45835820	011002300911
45835819	011002300911
45835818	011002300911
45835817	011002300911
45835816	011002300911
45835815	011002300911
45835814	011002300911
45835813	011002300911
45835812	011002300911
45835811	011002300911
45835810	011002300911
45835809	011002300911
45835808	011002300911
45835807	011002300911
45835806	011002300911
45835805	011002300911
45835804	011002300911
45835803	011002300911
45835802	011002300911
45835801	011002300911
45835800	011002300911
45835799	011002300911
45835798	011002300911
45835797	011002300911
45835796	011002300911
45835795	011002300911
45835794	011002300911
45835793	011002300911
45835792	011002300911
45835791	011002300911
45835790	011002300911
45835789	011002300911
45835788	011002300911
45835787	011002300911
45835786	011002300911
45835785	011002300911
45835784	011002300911
45835783	011002300911
45835782	011002300911
45835781	011002300911
45835780	011002300911
45835779	011002300911
45835778	011002300911
45835777	011002300911
45835776	011002300911
45835775	011002300911
45835774	011002300911
45835773	011002300911
45835772	011002300911
45835771	011002300911
45835770	011002300911
45835769	011002300911
45835768	011002300911
45835767	011002300911
45835766	011002300911
45835765	011002300911
45835764	011002300911
45835763	011002300911
45835762	011002300911
45835761	011002300911
45835760	011002300911
45835759	011002300911
45835758	011002300911
45835757	011002300911
45835756	011002300911
45835755	011002300911
45835754	011002300911
45835753	011002300911
45835752	011002300911
45835751	011002300911
45835750	011002300911
45835749	011002300911
45835748	011002300911
45835747	011002300911
45835746	011002300911
45835745	011002300911
45835744	011002300911
45835743	011002300911
45835742	011002300911
45835741	011002300911
45835740	011002300911
45835739	011002300911
45835738	011002300911
45835737	011002300911
45835736	011002300911
45835735	011002300911
45835734	011002300911
45835733	011002300911
45835732	011002300911
45835731	011002300911
45835730	011002300911
45835729	011002300911
45835728	011002300911
45835727	011002300911
45835726	011002300911
45835725	011002300911
45835724	011002300911
45835723	011002300911
45835722	011002300911
45835721	011002300911
45835720	011002300911
45835719	011002300911
45835718	011002300911
45835717	011002300911
45835716	011002300911
45835715	011002300911
45835714	011002300911
45835713	011002300911
45835712	011002300911
45835711	011002300911
45835710	011002300911
45835709	011002300911
45835708	011002300911
45835707	011002300911
45835706	011002300911
45835705	011002300911
45835704	011002300911
45835703	011002300911
45835702	011002300911
45835701	011002300911
45835700	011002300911
45835699	011002300911
45835698	011002300911
45835697	011002300911
45835696	011002300911
45835695	011002300911
45835694	011002300911
45835693	011002300911
45835692	011002300911
45835691	011002300911
45835690	011002300911
45835689	011002300911
45835688	011002300911
45835687	011002300911
45835686	011002300911
45835685	011002300911
45835684	011002300911
45835683	011002300911
45835682	011002300911
45835681	011002300911
45835680	011002300911
45835679	011002300911
45835678	011002300911
45835677	011002300911
45835676	011002300911
45835675	011002300911
45835674	011002300911
45835673	011002300911
45835672	011002300911
45835671	011002300911
45835670	011002300911
45835669	011002300911
45835668	011002300911
45835667	011002300911
45835666	011002300911
45835665	011002300911
45835664	011002300911
45835663	011002300911
45835662	011002300911
45835661	011002300911
45835660	011002300911
45835659	011002300911
45835658	011002300911
45835657	011002300911
45835656	011002300911
45835655	011002300911
45835654	011002300911
45835653	011002300911
45835652	011002300911
45835651	011002300911
45835650	011002300911
45835649	011002300911
45835648	011002300911
45835647	011002300911
45835646	011002300911
45835645	011002300911
45835644	011002300911
45835643	011002300911
45835642	011002300911
45835641	011002300911
45835640	011002300911
45835639	011002300911
45835638	011002300911
45835637	011002300911
45835636	011002300911
45835635	011002300911
45835634	011002300911
45835633	011002300911
45835632	011002300911
45835631	011002300911
45835630	011002300911
45835629	011002300911
45835628	011002300911
45835627	011002300911
45835626	011002300911
45835625	011002300911
45835624	011002300911
45835623	011002300911
45835622	011002300911
45835621	011002300911
45835620	011002300911
45835619	011002300911
45835618	011002300911
45835617	011002300911
45835616	011002300911
45835615	011002300911
45835614	011002300911
45835613	011002300911
45835612	011002300911
45835611	011002300911
45835610	011002300911
45835609	011002300911
45835608	011002300911
45835607	011002300911
45835606	011002300911
45835605	011002300911
45835604	011002300911
45835603	011002300911
45835602	011002300911
45835601	011002300911
45835600	011002300911
45835599	011002300911
45835598	011002300911
45835597	011002300911
45835596	011002300911
45835595	011002300911
45835594	011002300911
45835593	011002300911
45835592	011002300911
45835591	011002300911
45835590	011002300911
45835589	011002300911
45835588	011002300911
45835587	011002300911
45835586	011002300911
45835585	011002300911
45835584	011002300911
45835583	011002300911
45835582	011002300911
45835581	011002300911
45835580	011002300911
45835579	011002300911
45835578	011002300911
45835577	011002300911
45835576	011002300911
45835575	011002300911
45835574	011002300911
45835573	011002300911
45835572	011002300911
45835571	011002300911
45835570	011002300911
45835569	011002300911
45835568	011002300911
45835567	011002300911
45835566	011002300911
45835565	011002300911
45835564	011002300911
45835556	011002300911
45835552	011002300911
45835551	011002300911
45835549	011002300911
45835547	011002300911
45835545	011002300911
45835538	011002300911
45835536	011002300911
45835535	011002300911
45835532	011002300911
45835523	011002300911
45835518	011002300911
45835516	011002300911
45835515	011002300911
45835513	011002300911
45835509	011002300911
45835504	011002300911
45835502	011002300911
45835501	011002300911
45835498	011002300911
45835491	011002300911
45835486	011002300911
45835484	011002300911
45835483	011002300911
45835481	011002300911
45835479	011002300911
45835468	011002300911
45835467	011002300911
45835464	011002300911
45835452	011002300911
45835449	011002300911
45835448	011002300911
45835446	011002300911
45835444	011002300911
45835441	011002300911
45835434	011002300911
45835433	011002300911
45835418	011002300911
45835416	011002300911
45835415	011002300911
45835413	011002300911
45835412	011002300911
45835408	011002300911
45835401	011002300911
45835399	011002300911
45835398	011002300911
45835395	011002300911
45835386	011002300911
45835382	011002300911
45835377	011002300911
45835367	011002300911
45835365	011002300911
45835364	011002300911
45835361	011002300911
45835353	011002300911
45835344	011002300911
45835338	011002300911
45835331	011002300911
45835330	011002300911
45835326	011002300911
45835317	011002300911
45835309	011002300911
45835302	011002300911
45835295	011002300911
45835293	011002300911
45835289	011002300911
45835283	011002300911
45835269	011002300911
45835262	011002300911
45835261	011002300911
45835257	011002300911
45835241	011002300911
45835233	011002300911
45835226	011002300911
45835224	011002300911
45835221	011002300911
45835200	011002300911
45835193	011002300911
45835189	011002300911
45835181	011002300911
45835173	011002300911
45835158	011002300911
45835154	011002300911
45835145	011002300911
45835138	011002300911
45835124	011002300911
45835120	011002300911
45835106	011002300911
45835088	011002300911
45835057	011002300911
45835053	011002300911
45835018	011002300911
45834987	011002300911
45834983	011002300911
45834951	011002300911
45834947	011002300911
45834915	011002300911
45834911	011002300911
45834880	011002300911
45834876	011002300911
45834858	011002300911
45834856	011002300911
45834855	011002300911
45834852	011002300911
45834851	011002300911
45834850	011002300911
45834849	011002300911
45834848	011002300911
45834846	011002300911
45834845	011002300911
45834844	011002300911
45834843	011002300911
45834841	011002300911
45834839	011002300911
45834838	011002300911
45834837	011002300911
45834836	011002300911
45834835	011002300911
45834834	011002300911
45834833	011002300911
45834832	011002300911
45834831	011002300911
45834830	011002300911
45834829	011002300911
45834828	011002300911
45834827	011002300911
45834826	011002300911
45834824	011002300911
45834823	011002300911
45834822	011002300911
45834821	011002300911
45834820	011002300911
45834819	011002300911
45834818	011002300911
45834817	011002300911
45834816	011002300911
45834814	011002300911
45834813	011002300911
45834812	011002300911
45834811	011002300911
45834809	011002300911
45834808	011002300911
45834807	011002300911
45834806	011002300911
45834804	011002300911
45834803	011002300911
45834802	011002300911
45834801	011002300911
45834800	011002300911
45834799	011002300911
45834798	011002300911
45834797	011002300911
45834796	011002300911
45834795	011002300911
45834794	011002300911
45834793	011002300911
45834792	011002300911
50134979	233120000000
45834791	011002300911
45834790	011002300911
45834789	011002300911
45834787	011002300911
45834784	011002300911
45834783	011002300911
45834782	011002300911
45834781	011002300911
45834780	011002300911
45834779	011002300911
45834778	011002300911
45834776	011002300911
45834775	011002300911
45834774	011002300911
45834772	011002300911
45834771	011002300911
45834770	011002300911
45834768	011002300911
45834767	011002300911
45834766	011002300911
45834765	011002300911
45834764	011002300911
45834763	011002300911
45834762	011002300911
45834761	011002300911
45834760	011002300911
45834759	011002300911
45834758	011002300911
45834757	011002300911
45834756	011002300911
45834754	011002300911
45834753	011002300911
45834750	011002300911
45834749	011002300911
45834748	011002300911
45834747	011002300911
45834746	011002300911
45834744	011002300911
45834743	011002300911
45834742	011002300911
45834741	011002300911
45834740	011002300911
45834739	011002300911
45834738	011002300911
45834737	011002300911
45834736	011002300911
45834735	011002300911
45834734	011002300911
45834733	011002300911
45834732	011002300911
45834731	011002300911
45834730	011002300911
45834729	011002300911
45834728	011002300911
45834726	011002300911
45834725	011002300911
45834723	011002300911
45834722	011002300911
45834721	011002300911
45834720	011002300911
45834719	011002300911
45834718	011002300911
45834717	011002300911
45834715	011002300911
45834714	011002300911
45834713	011002300911
45834712	011002300911
45834711	011002300911
45834710	011002300911
45834709	011002300911
45834708	011002300911
45834707	011002300911
45834706	011002300911
45834705	011002300911
45834704	011002300911
45834703	011002300911
45834702	011002300911
45834701	011002300911
45834700	011002300911
45834699	011002300911
45834698	011002300911
45834697	011002300911
45834696	011002300911
45834695	011002300911
45834694	011002300911
45834693	011002300911
45834692	011002300911
45834690	011002300911
45834689	011002300911
45834688	011002300911
45834687	011002300911
45834686	011002300911
45834684	011002300911
45834683	011002300911
45834682	011002300911
45834681	011002300911
45834680	011002300911
45834679	011002300911
45834678	011002300911
45834677	011002300911
45834676	011002300911
45834675	011002300911
45834674	011002300911
45834673	011002300911
45834672	011002300911
45834671	011002300911
45834670	011002300911
45834669	011002300911
45834668	011002300911
45834667	011002300911
45834666	011002300911
45834665	011002300911
45834664	011002300911
45834663	011002300911
45834662	011002300911
45834661	011002300911
45834660	011002300911
45834659	011002300911
45834658	011002300911
45834657	011002300911
45834656	011002300911
45834655	011002300911
45834654	011002300911
45834653	011002300911
45834652	011002300911
45834651	011002300911
45834649	011002300911
45834648	011002300911
45834647	011002300911
45834646	011002300911
45834645	011002300911
45834644	011002300911
45834643	011002300911
45834642	011002300911
45834641	011002300911
45834640	011002300911
45834639	011002300911
45834638	011002300911
45834637	011002300911
45834636	011002300911
45834635	011002300911
45834634	011002300911
45834633	011002300911
45834632	011002300911
45834631	011002300911
45834630	011002300911
45834629	011002300911
45834628	011002300911
45834627	011002300911
45834626	011002300911
45834625	011002300911
45834624	011002300911
45834623	011002300911
45834622	011002300911
45834621	011002300911
45834620	011002300911
45834619	011002300911
45834618	011002300911
45834617	011002300911
45834616	011002300911
45834615	011002300911
45834614	011002300911
45834613	011002300911
45834612	011002300911
45834611	011002300911
45834610	011002300911
45834609	011002300911
45834608	011002300911
45834607	011002300911
45834606	011002300911
45834605	011002300911
45834604	011002300911
45834603	011002300911
45834602	011002300911
45834601	011002300911
45834600	011002300911
45834599	011002300911
45834598	011002300911
45834597	011002300911
45834596	011002300911
45834595	011002300911
45834594	011002300911
45834593	011002300911
45834592	011002300911
45834591	011002300911
45834590	011002300911
45834589	011002300911
45834588	011002300911
45834587	011002300911
45834586	011002300911
45834585	011002300911
45834584	011002300911
45834583	011002300911
45834582	011002300911
45834581	011002300911
45834580	011002300911
45834579	011002300911
45834578	011002300911
45834577	011002300911
45834576	011002300911
45834575	011002300911
45834574	011002300911
45834573	011002300911
45834572	011002300911
45834571	011002300911
45834570	011002300911
45834569	011002300911
45834568	011002300911
45834567	011002300911
45834566	011002300911
45834565	011002300911
45834564	011002300911
45834563	011002300911
45834562	011002300911
45834561	011002300911
45834560	011002300911
45834559	011002300911
45834558	011002300911
45834557	011002300911
45834556	011002300911
45834555	011002300911
45834554	011002300911
45834553	011002300911
45834552	011002300911
45834551	011002300911
45834550	011002300911
45834549	011002300911
45834548	011002300911
45834547	011002300911
45834546	011002300911
45834545	011002300911
45834544	011002300911
45834543	011002300911
45834542	011002300911
45834541	011002300911
45834540	011002300911
45834539	011002300911
45834538	011002300911
45834537	011002300911
45834536	011002300911
45834535	011002300911
45834534	011002300911
45834533	011002300911
45834532	011002300911
45834531	011002300911
45834530	011002300911
45834529	011002300911
45834528	011002300911
45834527	011002300911
45834526	011002300911
45834525	011002300911
45834524	011002300911
45834523	011002300911
45834522	011002300911
45834521	011002300911
45834520	011002300911
45834519	011002300911
45834518	011002300911
45834517	011002300911
45834516	011002300911
45834515	011002300911
45834514	011002300911
45834513	011002300911
45834512	011002300911
45834511	011002300911
45834510	011002300911
45834509	011002300911
45834508	011002300911
45834507	011002300911
45834506	011002300911
45834505	011002300911
45834504	011002300911
45834503	011002300911
45834502	011002300911
45834501	011002300911
45834500	011002300911
45834499	011002300911
45834498	011002300911
45834497	011002300911
45834496	011002300911
45834495	011002300911
45834494	011002300911
45834493	011002300911
45834492	011002300911
45834491	011002300911
45834490	011002300911
45834489	011002300911
45834488	011002300911
45834487	011002300911
45834486	011002300911
45834485	011002300911
45834484	011002300911
45834483	011002300911
45834482	011002300911
45834481	011002300911
45834480	011002300911
45834479	011002300911
45834478	011002300911
45834477	011002300911
45834476	011002300911
45834475	011002300911
45834474	011002300911
45834473	011002300911
45834472	011002300911
45834471	011002300911
45834470	011002300911
45834469	011002300911
45834468	011002300911
45834467	011002300911
45834466	011002300911
45834465	011002300911
45834464	011002300911
45834463	011002300911
45834462	011002300911
45834461	011002300911
45834460	011002300911
45834459	011002300911
45834458	011002300911
45834457	011002300911
45834456	011002300911
45834455	011002300911
45834454	011002300911
45834453	011002300911
45834452	011002300911
45834451	011002300911
45834450	011002300911
45834449	011002300911
45834448	011002300911
45834447	011002300911
45834446	011002300911
45834445	011002300911
45834444	011002300911
45834443	011002300911
45834442	011002300911
45834441	011002300911
45834440	011002300911
45834439	011002300911
45834438	011002300911
45834437	011002300911
45834436	011002300911
45834435	011002300911
45834434	011002300911
45834433	011002300911
45834432	011002300911
45834431	011002300911
45834430	011002300911
45834429	011002300911
45834428	011002300911
45834427	011002300911
45834426	011002300911
45834425	011002300911
45834424	011002300911
45834423	011002300911
45834422	011002300911
45834421	011002300911
45834420	011002300911
45834419	011002300911
45834418	011002300911
45834417	011002300911
45834416	011002300911
45834415	011002300911
45834414	011002300911
45834413	011002300911
45834412	011002300911
45834411	011002300911
45834410	011002300911
45834409	011002300911
45834408	011002300911
45834407	011002300911
45834406	011002300911
45834405	011002300911
45834404	011002300911
45834403	011002300911
45834402	011002300911
45834401	011002300911
45834400	011002300911
45834399	011002300911
45834398	011002300911
45834397	011002300911
45834396	011002300911
45834395	011002300911
45834394	011002300911
45834393	011002300911
45834392	011002300911
45834391	011002300911
45834390	011002300911
45834389	011002300911
45834388	011002300911
45834387	011002300911
45834386	011002300911
45834385	011002300911
45834384	011002300911
45834383	011002300911
45834382	011002300911
45834381	011002300911
45834380	011002300911
45834379	011002300911
45834378	011002300911
45834377	011002300911
45834376	011002300911
45834375	011002300911
45834374	011002300911
45834373	011002300911
45834372	011002300911
45834371	011002300911
45834370	011002300911
45834369	011002300911
45834368	011002300911
45834367	011002300911
45834366	011002300911
45834365	011002300911
45834364	011002300911
45834363	011002300911
45834362	011002300911
45834361	011002300911
45834360	011002300911
45834359	011002300911
45834358	011002300911
45834357	011002300911
45834356	011002300911
45834355	011002300911
45834354	011002300911
45834353	011002300911
45834352	011002300911
45834351	011002300911
45834350	011002300911
45834349	011002300911
45834348	011002300911
45834347	011002300911
45834346	011002300911
45834345	011002300911
45834344	011002300911
45834343	011002300911
45834342	011002300911
45834341	011002300911
45834340	011002300911
45834339	011002300911
45834338	011002300911
45834337	011002300911
45834336	011002300911
45834335	011002300911
45834334	011002300911
45834333	011002300911
45834332	011002300911
45834331	011002300911
45834330	011002300911
45834329	011002300911
45834328	011002300911
45834327	011002300911
45834326	011002300911
45834325	011002300911
45834324	011002300911
45834323	011002300911
45834322	011002300911
45834321	011002300911
45834320	011002300911
45834319	011002300911
45834318	011002300911
45834317	011002300911
45834316	011002300911
45834315	011002300911
45834314	011002300911
45834313	011002300911
45834312	011002300911
45834311	011002300911
45834310	011002300911
45834309	011002300911
45834308	011002300911
45834307	011002300911
45834306	011002300911
45834305	011002300911
45834304	011002300911
45834303	011002300911
45834302	011002300911
45834301	011002300911
45834300	011002300911
45834299	011002300911
45834298	011002300911
45834297	011002300911
45834296	011002300911
45834295	011002300911
45834294	011002300911
45834293	011002300911
45834292	011002300911
45834291	011002300911
45834290	011002300911
45834289	011002300911
45834288	011002300911
45834287	011002300911
45834286	011002300911
45834285	011002300911
45834284	011002300911
45834283	011002300911
45834282	011002300911
45834281	011002300911
45834280	011002300911
45834279	011002300911
45834278	011002300911
45834277	011002300911
45834276	011002300911
45834275	011002300911
45834274	011002300911
45834273	011002300911
45834272	011002300911
45834271	011002300911
45834270	011002300911
45834269	011002300911
45834268	011002300911
45834267	011002300911
45834266	011002300911
45834265	011002300911
45834264	011002300911
45834263	011002300911
45834262	011002300911
45834261	011002300911
45834260	011002300911
45834259	011002300911
45834258	011002300911
45834257	011002300911
45834256	011002300911
45834255	011002300911
45834254	011002300911
45834253	011002300911
45834252	011002300911
45834251	011002300911
45834250	011002300911
45834249	011002300911
45834248	011002300911
45834247	011002300911
45834246	011002300911
45834245	011002300911
45834244	011002300911
45834243	011002300911
45834242	011002300911
45834241	011002300911
45834240	011002300911
45834239	011002300911
45834238	011002300911
45834237	011002300911
45834236	011002300911
45834235	011002300911
45834234	011002300911
45834233	011002300911
45834232	011002300911
45834231	011002300911
45834230	011002300911
45834229	011002300911
45834228	011002300911
45834227	011002300911
45834226	011002300911
45834225	011002300911
45834224	011002300911
45834223	011002300911
45834222	011002300911
45834221	011002300911
45834220	011002300911
45834219	011002300911
45834218	011002300911
45834217	011002300911
45834216	011002300911
45834215	011002300911
45834214	011002300911
45834213	011002300911
45834212	011002300911
45834211	011002300911
45834210	011002300911
45834209	011002300911
45834208	011002300911
45834207	011002300911
45834206	011002300911
45834205	011002300911
45834204	011002300911
45834203	011002300911
45834202	011002300911
45834201	011002300911
45834200	011002300911
45834199	011002300911
45834198	011002300911
45834197	011002300911
45834196	011002300911
45834195	011002300911
45834194	011002300911
45834193	011002300911
45834192	011002300911
45834191	011002300911
45834190	011002300911
45834189	011002300911
45834188	011002300911
45834187	011002300911
45834186	011002300911
45834185	011002300911
45834184	011002300911
45834183	011002300911
45834182	011002300911
45834181	011002300911
45834180	011002300911
45834179	011002300911
45834178	011002300911
45834177	011002300911
45834176	011002300911
45834175	011002300911
45834174	011002300911
45834173	011002300911
45834172	011002300911
45834171	011002300911
45834170	011002300911
45834169	011002300911
45834168	011002300911
45834167	011002300911
45834166	011002300911
45834165	011002300911
45834164	011002300911
45834163	011002300911
45834162	011002300911
45834161	011002300911
45834160	011002300911
45834159	011002300911
45834158	011002300911
45834157	011002300911
45834156	011002300911
45834155	011002300911
45834154	011002300911
45832907	011002300911
45832906	011002300911
45832905	011002300911
45832904	011002300911
45832903	011002300911
45832902	011002300911
45832901	011002300911
45832900	011002300911
45832899	011002300911
45832898	011002300911
45832897	011002300911
45832896	011002300911
45832895	011002300911
45832894	011002300911
45832893	011002300911
45832892	011002300911
45832891	011002300911
45832890	011002300911
45832889	011002300911
45832888	011002300911
45832887	011002300911
45832886	011002300911
45832885	011002300911
45832884	011002300911
45832883	011002300911
45832882	011002300911
45832881	011002300911
45832880	011002300911
45832879	011002300911
45832878	011002300911
45832877	011002300911
45832876	011002300911
45832875	011002300911
45832874	011002300911
45832873	011002300911
45832872	011002300911
45832871	011002300911
45832870	011002300911
45832869	011002300911
45832868	011002300911
45832867	011002300911
45832866	011002300911
45832865	011002300911
45832864	011002300911
45832863	011002300911
45832862	011002300911
45832861	011002300911
45832860	011002300911
45832859	011002300911
45832858	011002300911
45832857	011002300911
45832856	011002300911
45832855	011002300911
45832854	011002300911
45832853	011002300911
45832852	011002300911
45832851	011002300911
45832850	011002300911
45832849	011002300911
45832848	011002300911
45832847	011002300911
45832846	011002300911
45832845	011002300911
45832844	011002300911
45832843	011002300911
45832842	011002300911
45832841	011002300911
45832840	011002300911
45832839	011002300911
45832838	011002300911
45832837	011002300911
45832836	011002300911
45832835	011002300911
45832833	011002300911
45832832	011002300911
45832831	011002300911
45832830	011002300911
45832829	011002300911
45832828	011002300911
45832827	011002300911
45832826	011002300911
45832825	011002300911
45832824	011002300911
45832823	011002300911
45832822	011002300911
45832821	011002300911
45832820	011002300911
45832819	011002300911
45832818	011002300911
45832817	011002300911
45832816	011002300911
45832815	011002300911
45832814	011002300911
45832813	011002300911
45832812	011002300911
45832811	011002300911
45832810	011002300911
45832809	011002300911
45832808	011002300911
45832807	011002300911
45832806	011002300911
45832805	011002300911
45832804	011002300911
45832803	011002300911
45832802	011002300911
45832801	011002300911
45832800	011002300911
45832799	011002300911
45832798	011002300911
45832797	011002300911
45832796	011002300911
45832795	011002300911
45832794	011002300911
45832793	011002300911
45832792	011002300911
45832791	011002300911
45832790	011002300911
45832789	011002300911
45832788	011002300911
45832787	011002300911
45832786	011002300911
45832785	011002300911
45832784	011002300911
45832783	011002300911
45832782	011002300911
45832781	011002300911
45832780	011002300911
45832779	011002300911
45832778	011002300911
45832777	011002300911
45832776	011002300911
45832775	011002300911
45832774	011002300911
45832773	011002300911
45832772	011002300911
45832771	011002300911
45832770	011002300911
45832769	011002300911
45832768	011002300911
45832767	011002300911
45832766	011002300911
45832765	011002300911
45832764	011002300911
45832763	011002300911
45832762	011002300911
45832761	011002300911
45832760	011002300911
45832759	011002300911
45832758	011002300911
45832757	011002300911
45832756	011002300911
45832755	011002300911
45832754	011002300911
45832753	011002300911
45832752	011002300911
45832751	011002300911
45832750	011002300911
45832749	011002300911
45832748	011002300911
45832747	011002300911
45832746	011002300911
45832745	011002300911
45832744	011002300911
45832743	011002300911
45832742	011002300911
45832741	011002300911
45832740	011002300911
45832739	011002300911
45832738	011002300911
45832737	011002300911
45832736	011002300911
45832735	011002300911
45832734	011002300911
45832733	011002300911
45832732	011002300911
45832731	011002300911
45832730	011002300911
45832729	011002300911
45832728	011002300911
45832727	011002300911
45832726	011002300911
45832725	011002300911
45832724	011002300911
45832723	011002300911
45832722	011002300911
45832721	011002300911
45832720	011002300911
45832719	011002300911
45832718	011002300911
45832717	011002300911
45832716	011002300911
45832715	011002300911
45832714	011002300911
45832713	011002300911
45832712	011002300911
45832711	011002300911
45832710	011002300911
45832709	011002300911
45832708	011002300911
45832707	011002300911
45832706	011002300911
45832705	011002300911
45832704	011002300911
45832703	011002300911
45832702	011002300911
45832701	011002300911
45832700	011002300911
45832699	011002300911
45832698	011002300911
45832697	011002300911
45832696	011002300911
45832695	011002300911
45832694	011002300911
45832693	011002300911
45832692	011002300911
45832691	011002300911
45832690	011002300911
45832689	011002300911
45832688	011002300911
45832687	011002300911
45832686	011002300911
45832685	011002300911
45832684	011002300911
45832683	011002300911
45832682	011002300911
45832681	011002300911
45832680	011002300911
45832679	011002300911
45832678	011002300911
45832677	011002300911
45832676	011002300911
45832675	011002300911
45832674	011002300911
45832673	011002300911
45832672	011002300911
45832671	011002300911
45832670	011002300911
45832669	011002300911
45832668	011002300911
45832667	011002300911
45832666	011002300911
45832665	011002300911
45832664	011002300911
45832663	011002300911
45832662	011002300911
45832661	011002300911
45832660	011002300911
45832659	011002300911
45832658	011002300911
45832657	011002300911
45832656	011002300911
45832655	011002300911
45832654	011002300911
45832653	011002300911
45832652	011002300911
45832651	011002300911
45832650	011002300911
45832649	011002300911
45832648	011002300911
45832647	011002300911
45832646	011002300911
45832645	011002300911
45832644	011002300911
45832643	011002300911
45832642	011002300911
45832641	011002300911
45832640	011002300911
45832639	011002300911
45832638	011002300911
45832637	011002300911
45832636	011002300911
45832635	011002300911
45832634	011002300911
45832633	011002300911
45832632	011002300911
45832631	011002300911
45832630	011002300911
45832629	011002300911
45832628	011002300911
45832627	011002300911
45832626	011002300911
45832625	011002300911
45832624	011002300911
45832623	011002300911
45832622	011002300911
45832621	011002300911
45832620	011002300911
45832619	011002300911
07607674	239520000000
49832267	233120000000
49823539	233120000000
49747545	233120000000
49721039	233120000000
49720936	233120000000
49720915	233120000000
49468232	233120000000
49352093	233120000000
49323781	233120000000
49123396	233120000000
49122690	233120000000
49121358	233120000000
49120319	233120000000
49119344	233120000000
49109064	233120000000